Result No.,Interval No.,Point No.,Angular Frequency,Frequency,Complex Viscosity,Storage Modulus,Loss Modulus,Complex Shear Modulus,Loss Factor,Shear Strain,Shear Stress,Torque,Temperature,Gap,Test Time,Relative Humidity
,,,[rad/s],[Hz],[Mpa s],[MPa],[MPa],[MPa],[1],[%],[Pa],[mN m],[C],[mm],[h],[%]
1,1,1,0.0628,0.01,8906.9,559.29,19.724,559.64,0.035,0.1,562070,2.8953,10,21.913,0.07788,29.854
1,1,2,0.112,0.0178,5068.3,566.06,16.325,566.29,0.029,0.1,569090,2.9315,10,21.912,0.1272,29.891
1,1,3,0.199,0.0316,2877.2,571.5,14.148,571.67,0.025,0.101,574550,2.9596,10,21.912,0.1632,29.962
1,1,4,0.353,0.0562,1631.1,576.17,12.695,576.31,0.022,0.101,579210,2.9836,10,21.912,0.1902,29.918
1,1,5,0.628,0.1,923.83,580.34,11.676,580.46,0.02,0.101,583390,3.0051,10,21.913,0.2068,29.99
1,1,6,1.12,0.178,523.03,584.29,10.878,584.39,0.019,0.101,587330,3.0254,10,21.913,0.2169,30
1,1,7,1.99,0.316,295.94,587.92,10.682,588.01,0.018,0.101,590970,3.0442,10,21.913,0.2231,30
1,1,8,3.53,0.562,167.39,591.35,10.264,591.44,0.017,0.101,594410,3.0619,10,21.913,0.227,30
1,1,9,6.28,1,94.671,594.75,10.265,594.84,0.017,0.101,597840,3.0796,10,21.912,0.2301,30
1,1,10,11.2,1.78,53.608,598.88,10.425,598.97,0.017,0.101,602000,3.101,10,21.912,0.2324,30
1,1,11,19.9,3.16,30.316,602.26,10.631,602.35,0.018,0.101,605390,3.1184,10,21.912,0.2345,30
1,1,12,35.3,5.62,17.177,606.83,10.543,606.92,0.017,0.101,609970,3.1421,10,21.913,0.2361,30
1,1,13,62.8,10,9.7258,611.01,10.019,611.09,0.016,0.1,614140,3.1635,10,21.913,0.2375,29.9
,,,,,,,,,,,,,,,,
2,1,1,0.0628,0.01,8831.5,554.51,20.873,554.9,0.038,0.1,557090,2.8696,12.02,21.915,0.3785,29.944
2,1,2,0.112,0.0178,5024.6,561.14,17.441,561.41,0.031,0.1,564150,2.906,12,21.915,0.4278,29.953
2,1,3,0.199,0.0316,2851.5,566.37,15.074,566.57,0.027,0.101,569420,2.9332,12,21.915,0.4638,29.949
2,1,4,0.353,0.0562,1617,571.16,13.503,571.32,0.024,0.101,574200,2.9578,12,21.915,0.4907,29.967
2,1,5,0.628,0.1,916.19,575.53,12.277,575.66,0.021,0.101,578560,2.9802,12,21.915,0.5074,29.951
2,1,6,1.12,0.178,518.62,579.35,11.43,579.47,0.02,0.101,582390,2.9999,12,21.915,0.5175,29.9
2,1,7,1.99,0.316,293.58,583.22,10.942,583.33,0.019,0.101,586260,3.0199,12,21.915,0.5237,30
2,1,8,3.53,0.562,166.08,586.71,10.456,586.8,0.018,0.101,589760,3.0379,12,21.915,0.5276,29.9
2,1,9,6.28,1,93.918,590.01,10.357,590.1,0.018,0.101,593080,3.055,12,21.915,0.5306,29.987
2,1,10,11.2,1.78,53.174,594.03,10.489,594.13,0.018,0.101,597130,3.0759,12,21.915,0.533,30
2,1,11,19.9,3.16,30.083,597.63,10.65,597.73,0.018,0.101,600730,3.0945,12,21.915,0.535,29.9
2,1,12,35.3,5.62,17.033,601.73,10.542,601.82,0.018,0.101,604850,3.1156,12,21.915,0.5367,30
2,1,13,62.8,10,9.6572,606.7,9.9857,606.78,0.016,0.101,609840,3.1413,12,21.915,0.5381,30
,,,,,,,,,,,,,,,,
3,1,1,0.0628,0.01,8710.1,546.78,23.215,547.27,0.042,0.1,549570,2.8309,14.02,21.922,0.6791,29.941
3,1,2,0.112,0.0178,4960.5,553.91,19.305,554.25,0.035,0.1,556970,2.8691,14.01,21.922,0.7284,29.939
3,1,3,0.199,0.0316,2819.1,559.88,16.602,560.13,0.03,0.101,562940,2.8998,14,21.922,0.7644,29.954
3,1,4,0.353,0.0562,1599,564.77,14.657,564.96,0.026,0.101,567800,2.9248,14,21.922,0.7914,29.96
3,1,5,0.628,0.1,906.54,569.44,13.224,569.6,0.023,0.101,572470,2.9489,14,21.922,0.808,29.946
3,1,6,1.12,0.178,513.41,573.51,12.232,573.64,0.021,0.101,576530,2.9698,14,21.923,0.8181,29.9
3,1,7,1.99,0.316,290.77,577.61,11.571,577.73,0.02,0.101,580640,2.9909,14,21.922,0.8243,29.903
3,1,8,3.53,0.562,164.52,581.18,10.826,581.28,0.019,0.101,584200,3.0093,14,21.923,0.8283,29.9
3,1,9,6.28,1,93.059,584.61,10.641,584.71,0.018,0.101,587650,3.0271,14,21.922,0.8313,29.9
3,1,10,11.2,1.78,52.684,588.55,10.651,588.65,0.018,0.101,591610,3.0475,14,21.923,0.8338,30
3,1,11,19.9,3.16,29.836,592.72,10.748,592.81,0.018,0.101,595800,3.069,14,21.923,0.8358,29.9
3,1,12,35.3,5.62,16.895,596.84,10.662,596.94,0.018,0.101,599930,3.0903,14,21.923,0.8375,30.1
3,1,13,62.8,10,9.5656,600.94,10.096,601.02,0.017,0.101,604050,3.1115,14,21.922,0.8389,30.1
,,,,,,,,,,,,,,,,
4,1,1,0.0628,0.01,8556.2,536.96,26.306,537.6,0.049,0.1,539790,2.7805,16.02,21.922,0.9793,29.951
4,1,2,0.112,0.0178,4878.7,544.68,21.77,545.11,0.04,0.1,547780,2.8217,16,21.922,1.029,29.953
4,1,3,0.199,0.0316,2776.1,551.26,18.64,551.58,0.034,0.101,554350,2.8555,16,21.922,1.065,29.951
4,1,4,0.353,0.0562,1577.1,556.99,16.421,557.23,0.029,0.101,560040,2.8848,16,21.922,1.092,29.948
4,1,5,0.628,0.1,894.92,562.1,14.602,562.29,0.026,0.101,565120,2.911,16,21.922,1.108,29.95
4,1,6,1.12,0.178,507.25,566.61,13.239,566.76,0.023,0.101,569620,2.9342,16,21.922,1.118,30
4,1,7,1.99,0.316,287.21,570.52,12.467,570.65,0.022,0.101,573530,2.9543,16,21.922,1.124,29.9
4,1,8,3.53,0.562,162.61,574.44,11.655,574.55,0.02,0.101,577450,2.9745,16,21.922,1.128,30.1
4,1,9,6.28,1,92.09,578.51,11.196,578.62,0.019,0.101,581540,2.9956,16,21.922,1.131,29.9
4,1,10,11.2,1.78,52.156,582.65,11.023,582.76,0.019,0.101,585690,3.0169,16,21.923,1.134,29.9
4,1,11,19.9,3.16,29.512,586.27,11.007,586.38,0.019,0.101,589350,3.0358,16,21.922,1.136,30
4,1,12,35.3,5.62,16.719,590.63,10.872,590.73,0.018,0.101,593710,3.0583,16,21.922,1.138,30
4,1,13,62.8,10,9.4652,594.63,10.245,594.72,0.017,0.101,597700,3.0788,16,21.922,1.139,29.99
,,,,,,,,,,,,,,,,
5,1,1,0.0628,0.01,8354.2,524.02,30.568,524.91,0.058,0.1,527380,2.7166,18.02,21.927,1.28,29.96
5,1,2,0.112,0.0178,4776.4,533.08,25.26,533.68,0.047,0.1,536350,2.7628,18.01,21.927,1.329,29.982
5,1,3,0.199,0.0316,2723.1,540.63,21.449,541.06,0.04,0.101,543780,2.8011,18,21.927,1.365,29.975
5,1,4,0.353,0.0562,1549.3,547.1,18.697,547.42,0.034,0.101,550180,2.8341,18,21.927,1.392,29.994
5,1,5,0.628,0.1,880.42,552.94,16.467,553.18,0.03,0.101,555970,2.8639,18,21.927,1.409,29.911
5,1,6,1.12,0.178,499.77,558.2,14.964,558.4,0.027,0.101,561220,2.8909,18,21.927,1.419,30
5,1,7,1.99,0.316,283.41,562.96,13.443,563.12,0.024,0.101,565950,2.9153,18,21.927,1.425,30
5,1,8,3.53,0.562,160.43,566.72,12.493,566.86,0.022,0.101,569710,2.9347,18,21.927,1.429,30
5,1,9,6.28,1,90.88,570.89,11.961,571.01,0.021,0.101,573890,2.9562,18,21.927,1.432,30
5,1,10,11.2,1.78,51.496,575.26,11.634,575.37,0.02,0.101,578270,2.9788,18,21.927,1.434,30
5,1,11,19.9,3.16,29.139,578.87,11.319,578.98,0.02,0.101,581910,2.9975,18,21.927,1.436,30
5,1,12,35.3,5.62,16.512,583.29,11.259,583.4,0.019,0.101,586340,3.0203,18,21.927,1.438,30
5,1,13,62.8,10,9.3597,587.99,10.608,588.09,0.018,0.101,591030,3.0445,18,21.928,1.439,30
,,,,,,,,,,,,,,,,
6,1,1,0.0628,0.01,8098.2,507.55,36.06,508.82,0.071,0.1,511240,2.6335,20.02,21.931,1.58,29.954
6,1,2,0.112,0.0178,4644.9,518.13,29.861,518.99,0.058,0.101,521590,2.6868,20.01,21.931,1.63,29.952
6,1,3,0.199,0.0316,2655.2,526.96,25.278,527.57,0.048,0.101,530230,2.7313,20,21.931,1.666,29.981
6,1,4,0.353,0.0562,1514.1,534.52,21.919,534.97,0.041,0.101,537670,2.7696,20,21.931,1.693,29.932
6,1,5,0.628,0.1,862.08,541.32,19.177,541.66,0.035,0.101,544390,2.8042,20,21.931,1.709,29.985
6,1,6,1.12,0.178,490.16,547.4,17.007,547.67,0.031,0.101,550430,2.8353,20,21.931,1.719,30.175
6,1,7,1.99,0.316,278.29,552.71,15.62,552.93,0.028,0.101,555720,2.8626,20,21.931,1.725,30
6,1,8,3.53,0.562,157.86,557.59,14.136,557.77,0.025,0.101,560570,2.8876,20,21.931,1.729,29.918
6,1,9,6.28,1,89.426,561.73,13.192,561.88,0.023,0.101,564710,2.9089,20,21.931,1.732,30
6,1,10,11.2,1.78,50.666,565.96,12.611,566.1,0.022,0.101,568960,2.9308,20,21.931,1.735,30
6,1,11,19.9,3.16,28.711,570.34,12.121,570.47,0.021,0.101,573340,2.9533,20,21.931,1.737,30
6,1,12,35.3,5.62,16.266,574.62,11.94,574.74,0.021,0.101,577620,2.9754,20,21.931,1.739,30
6,1,13,62.8,10,9.2249,579.51,11.148,579.62,0.019,0.101,582550,3.0008,20,21.931,1.74,30
,,,,,,,,,,,,,,,,
7,1,1,0.0628,0.01,7767.5,486.13,43.188,488.05,0.089,0.1,490130,2.5247,22.02,21.937,1.881,29.936
7,1,2,0.112,0.0178,4471.1,498.27,35.929,499.57,0.072,0.1,502030,2.586,22,21.937,1.93,29.936
7,1,3,0.199,0.0316,2565.8,508.89,30.564,509.81,0.06,0.101,512370,2.6393,22,21.937,1.966,29.925
7,1,4,0.353,0.0562,1468.5,518.17,26.46,518.85,0.051,0.101,521460,2.6861,22,21.937,1.993,29.9
7,1,5,0.628,0.1,838.43,526.3,23.038,526.8,0.044,0.101,529450,2.7273,22,21.937,2.01,29.94
7,1,6,1.12,0.178,477.77,533.44,20.211,533.82,0.038,0.101,536510,2.7637,22,21.938,2.02,29.976
7,1,7,1.99,0.316,271.67,539.48,18.075,539.79,0.034,0.101,542500,2.7945,22,21.938,2.026,30
7,1,8,3.53,0.562,154.37,545.2,16.291,545.44,0.03,0.101,548190,2.8238,22,21.938,2.03,30
7,1,9,6.28,1,87.635,550.42,15.054,550.63,0.027,0.101,553410,2.8507,22,21.937,2.033,29.933
7,1,10,11.2,1.78,49.718,555.33,14.097,555.51,0.025,0.101,558320,2.876,22,21.937,2.035,29.9
7,1,11,19.9,3.16,28.175,559.65,13.437,559.81,0.024,0.101,562630,2.8982,22,21.937,2.037,29.983
7,1,12,35.3,5.62,15.988,564.75,13.018,564.9,0.023,0.101,567760,2.9246,22,21.937,2.039,29.986
7,1,13,62.8,10,9.0648,569.43,12.114,569.56,0.021,0.1,572410,2.9485,22,21.938,2.04,29.9
,,,,,,,,,,,,,,,,
8,1,1,0.0628,0.01,7297.1,455.46,52.59,458.49,0.115,0.1,460640,2.3728,24.02,21.938,2.182,30.033
8,1,2,0.112,0.0178,4229.2,470.45,44.465,472.54,0.095,0.1,474900,2.4463,24,21.938,2.231,30.011
8,1,3,0.199,0.0316,2442.5,483.81,38.053,485.31,0.079,0.101,487750,2.5125,24,21.939,2.267,30.019
8,1,4,0.353,0.0562,1405.2,495.41,32.925,496.5,0.066,0.101,499000,2.5704,24,21.939,2.294,30
8,1,5,0.628,0.1,806.11,505.69,28.573,506.49,0.057,0.101,509040,2.6222,24,21.939,2.311,30
8,1,6,1.12,0.178,461.1,514.59,25.207,515.2,0.049,0.101,517800,2.6672,24,21.939,2.321,29.965
8,1,7,1.99,0.316,263.25,522.59,22.061,523.06,0.042,0.101,525690,2.7079,24,21.939,2.327,30
8,1,8,3.53,0.562,149.91,529.32,19.839,529.69,0.037,0.101,532350,2.7422,24,21.939,2.331,30
8,1,9,6.28,1,85.237,535.26,17.961,535.56,0.034,0.101,538250,2.7726,24,21.939,2.334,29.905
8,1,10,11.2,1.78,48.411,540.66,16.545,540.91,0.031,0.101,543630,2.8003,24,21.939,2.336,29.9
8,1,11,19.9,3.16,27.509,546.36,15.522,546.58,0.028,0.101,549320,2.8296,24,21.939,2.338,30
8,1,12,35.3,5.62,15.614,551.49,14.841,551.69,0.027,0.101,554460,2.8561,24,21.939,2.34,29.9
8,1,13,62.8,10,8.8646,556.81,13.589,556.98,0.024,0.101,559780,2.8835,24,21.938,2.341,30
,,,,,,,,,,,,,,,,
9,1,1,0.0628,0.01,6643.8,412.49,64.084,417.44,0.155,0.1,419260,2.1596,26.02,21.946,2.482,30.064
9,1,2,0.112,0.0178,3886.1,430.64,55.542,434.21,0.129,0.1,436350,2.2477,26,21.947,2.531,30
9,1,3,0.199,0.0316,2266.5,447.74,48.35,450.34,0.108,0.101,452610,2.3314,26,21.947,2.567,30
9,1,4,0.353,0.0562,1315.5,462.9,42.212,464.82,0.091,0.101,467160,2.4064,26,21.947,2.594,30
9,1,5,0.628,0.1,760.26,476.27,36.837,477.69,0.077,0.101,480090,2.473,26,21.947,2.611,30
9,1,6,1.12,0.178,437.5,487.76,32.339,488.83,0.066,0.101,491300,2.5307,26,21.947,2.621,30
9,1,7,1.99,0.316,251.12,498.13,28.482,498.95,0.057,0.101,501460,2.5831,26,21.947,2.627,30
9,1,8,3.53,0.562,143.61,506.79,25.224,507.41,0.05,0.101,509960,2.6269,26,21.947,2.631,30
9,1,9,6.28,1,81.931,514.29,22.598,514.79,0.044,0.101,517390,2.6651,26,21.947,2.634,30
9,1,10,11.2,1.78,46.705,521.44,20.546,521.85,0.039,0.101,524480,2.7017,26,21.947,2.637,30
9,1,11,19.9,3.16,26.571,527.6,18.941,527.94,0.036,0.101,530610,2.7333,26,21.947,2.639,30
9,1,12,35.3,5.62,15.119,533.91,17.682,534.2,0.033,0.101,536900,2.7657,26,21.947,2.64,30
9,1,13,62.8,10,8.6029,540.3,16.056,540.54,0.03,0.101,543240,2.7983,26,21.947,2.642,30
,,,,,,,,,,,,,,,,
10,1,1,0.0628,0.01,5706.1,350.31,76.328,358.53,0.218,0.1,360260,1.8557,28.02,21.952,2.783,30.081
10,1,2,0.112,0.0178,3395.3,373.09,68.729,379.37,0.184,0.101,381270,1.964,28,21.952,2.832,30.004
10,1,3,0.199,0.0316,2013.5,395.32,61.413,400.06,0.155,0.101,402080,2.0712,28,21.953,2.868,30
10,1,4,0.353,0.0562,1185.4,415.27,54.661,418.85,0.132,0.101,420960,2.1684,28,21.953,2.895,30.011
10,1,5,0.628,0.1,693.58,433.1,48.341,435.79,0.112,0.101,437980,2.2561,28,21.953,2.912,30
10,1,6,1.12,0.178,403.41,448.7,42.819,450.74,0.095,0.101,453010,2.3335,28,21.953,2.922,30
10,1,7,1.99,0.316,233.44,462.26,37.959,463.82,0.082,0.101,466160,2.4012,28,21.953,2.928,30
10,1,8,3.53,0.562,134.49,473.99,33.565,475.18,0.071,0.101,477580,2.4601,28,21.953,2.932,30
10,1,9,6.28,1,77.233,484.36,29.717,485.27,0.061,0.101,487710,2.5123,28,21.954,2.935,30
10,1,10,11.2,1.78,44.246,493.65,26.668,494.37,0.054,0.101,496870,2.5595,28,21.953,2.937,30
10,1,11,19.9,3.16,25.285,501.82,24.173,502.4,0.048,0.101,504930,2.6009,28,21.953,2.939,30
10,1,12,35.3,5.62,14.438,509.67,22.158,510.15,0.043,0.101,512730,2.6411,28,21.953,2.941,30
10,1,13,62.8,10,8.2455,517.7,19.829,518.08,0.038,0.101,520680,2.6821,28,21.954,2.942,30
,,,,,,,,,,,,,,,,
11,1,1,0.0628,0.01,4476.6,268.55,83.653,281.27,0.312,0.1,282560,1.4555,30.02,21.96,3.083,30.1
11,1,2,0.112,0.0178,2734.4,295.02,79.402,305.52,0.269,0.1,307030,1.5816,30,21.962,3.133,30.05
11,1,3,0.199,0.0316,1665.6,322.53,74.186,330.95,0.23,0.101,332610,1.7133,30,21.962,3.169,30.023
11,1,4,0.353,0.0562,1004.1,348.12,68.399,354.77,0.196,0.101,356560,1.8367,30,21.963,3.196,30
11,1,5,0.628,0.1,599.63,371.59,62.216,376.76,0.167,0.101,378660,1.9505,30,21.963,3.212,30.049
11,1,6,1.12,0.178,354.86,392.48,56.243,396.49,0.143,0.101,398490,2.0527,30,21.963,3.223,30.028
11,1,7,1.99,0.316,208.51,411.23,50.222,414.29,0.122,0.101,416380,2.1448,30,21.963,3.229,30
11,1,8,3.53,0.562,121.65,427.47,44.934,429.82,0.105,0.101,431980,2.2252,30,21.963,3.233,30
11,1,9,6.28,1,70.582,441.67,40.071,443.48,0.091,0.101,445710,2.2959,30,21.963,3.236,29.909
11,1,10,11.2,1.78,40.792,454.37,35.909,455.79,0.079,0.101,458080,2.3596,30,21.963,3.238,30
11,1,11,19.9,3.16,23.494,465.69,32.277,466.81,0.069,0.101,469160,2.4167,30,21.963,3.24,30.1
11,1,12,35.3,5.62,13.504,476.24,29.202,477.14,0.061,0.101,479550,2.4702,30,21.963,3.242,29.993
11,1,13,62.8,10,7.751,486.32,25.923,487.01,0.053,0.101,489450,2.5212,30,21.964,3.243,29.9
,,,,,,,,,,,,,,,,
12,1,1,0.0628,0.01,3089.5,177.62,78.314,194.12,0.441,0.1,194920,1.004,32.02,21.973,3.384,30.066
12,1,2,0.112,0.0178,1965.7,204.59,79.894,219.63,0.391,0.1,220710,1.1369,32.01,21.975,3.433,30.003
12,1,3,0.199,0.0316,1247.4,234.71,79.647,247.85,0.339,0.101,249100,1.2831,32,21.976,3.469,30.006
12,1,4,0.353,0.0562,780.08,264.49,77.559,275.63,0.293,0.101,277010,1.4269,32,21.976,3.496,30
12,1,5,0.628,0.1,480.58,292.74,74.035,301.96,0.253,0.101,303480,1.5633,32,21.977,3.512,30
12,1,6,1.12,0.178,292.32,319.16,69.386,326.62,0.217,0.101,328260,1.6909,32,21.977,3.523,30
12,1,7,1.99,0.316,175.9,343.55,64.232,349.5,0.187,0.101,351260,1.8094,32,21.977,3.529,30
12,1,8,3.53,0.562,104.74,365.38,58.732,370.07,0.161,0.101,371930,1.9159,32,21.977,3.533,30
12,1,9,6.28,1,61.858,384.98,53.348,388.66,0.139,0.101,390620,2.0121,32,21.977,3.536,30
12,1,10,11.2,1.78,36.293,402.64,48.162,405.51,0.12,0.101,407550,2.0993,32.01,21.978,3.538,30
12,1,11,19.9,3.16,21.165,418.29,43.411,420.54,0.104,0.101,422650,2.1771,32,21.978,3.54,30
12,1,12,35.3,5.62,12.288,432.4,39.193,434.17,0.091,0.101,436360,2.2477,32,21.978,3.542,30
12,1,13,62.8,10,7.1171,445.83,34.69,447.18,0.078,0.101,449430,2.3151,32,21.978,3.543,30
,,,,,,,,,,,,,,,,
13,1,1,0.0628,0.01,1865.9,100.83,59.818,117.24,0.593,0.1,117810,0.60687,34.02,21.987,3.684,30.052
13,1,2,0.112,0.0178,1252.3,123.27,66.206,139.93,0.537,0.101,140630,0.72441,34.01,21.991,3.734,30.022
13,1,3,0.199,0.0316,835.76,149.84,71.582,166.06,0.478,0.101,166900,0.8597,34,21.993,3.77,30
13,1,4,0.353,0.0562,546.58,177.96,75.02,193.12,0.422,0.101,194090,0.99981,34,21.993,3.797,30
13,1,5,0.628,0.1,351.42,207.12,76.526,220.8,0.369,0.101,221920,1.1431,34,21.993,3.813,29.96
13,1,6,1.12,0.178,222.11,236.17,76.253,248.17,0.323,0.101,249420,1.2848,34,21.994,3.824,30
13,1,7,1.99,0.316,138.25,264.58,73.838,274.69,0.279,0.101,276070,1.4221,34,21.995,3.83,30
13,1,8,3.53,0.562,84.796,291.19,70.53,299.61,0.242,0.101,301120,1.5511,34,21.995,3.834,30
13,1,9,6.28,1,51.436,316.32,66.238,323.18,0.209,0.101,324810,1.6731,34,21.995,3.837,30
13,1,10,11.2,1.78,30.851,339.21,61.308,344.71,0.181,0.101,346440,1.7845,34,21.996,3.839,30
13,1,11,19.9,3.16,18.35,360.23,56.267,364.6,0.156,0.101,366430,1.8875,34,21.996,3.841,30
13,1,12,35.3,5.62,10.833,379.29,51.355,382.75,0.135,0.101,384670,1.9815,34,21.996,3.843,30
13,1,13,62.8,10,6.3597,396.95,45.826,399.59,0.115,0.101,401600,2.0687,34,21.996,3.844,30
,,,,,,,,,,,,,,,,
14,1,1,0.0628,0.01,1034.9,53.069,37.57,65.022,0.708,0.1,65341,0.33658,36.02,22.006,3.986,30.067
14,1,2,0.112,0.0178,726.81,67.488,45.168,81.208,0.669,0.101,81616,0.42042,36,22.009,4.035,30.014
14,1,3,0.199,0.0316,506.87,85.742,52.829,100.71,0.616,0.101,101220,0.52139,36,22.014,4.071,29.987
14,1,4,0.353,0.0562,347.3,107.02,60.042,122.71,0.561,0.101,123330,0.63529,36,22.014,4.098,30.017
14,1,5,0.628,0.1,233.69,131.08,66.17,146.83,0.505,0.101,147570,0.76017,36,22.014,4.115,30
14,1,6,1.12,0.178,154.43,157.34,70.822,172.55,0.45,0.101,173420,0.89329,36,22.014,4.125,30
14,1,7,1.99,0.316,100.25,185.09,73.599,199.19,0.398,0.101,200190,1.0312,36,22.014,4.131,29.948
14,1,8,3.53,0.562,63.974,213.44,74.421,226.04,0.349,0.101,227170,1.1702,36,22.014,4.135,30
14,1,9,6.28,1,40.163,241.42,73.476,252.35,0.304,0.101,253620,1.3065,36,22.014,4.138,30.026
14,1,10,11.2,1.78,24.854,268.47,70.993,277.7,0.264,0.101,279100,1.4377,36,22.014,4.14,30
14,1,11,19.9,3.16,15.186,294.1,67.409,301.73,0.229,0.101,303250,1.5621,36,22.014,4.142,29.901
14,1,12,35.3,5.62,9.18,318.16,63.116,324.36,0.198,0.101,325990,1.6792,36,22.014,4.144,30
14,1,13,62.8,10,5.5016,340.87,57.47,345.68,0.169,0.101,347410,1.7896,36,22.014,4.145,30
,,,,,,,,,,,,,,,,
15,1,1,0.0628,0.01,573.89,29.209,21.143,36.058,0.724,0.1,36219,0.18657,38.02,22.025,4.286,30.067
15,1,2,0.112,0.0178,408.68,37.004,26.755,45.663,0.723,0.1,45888,0.23638,38,22.029,4.336,30.046
15,1,3,0.199,0.0316,291.79,47.403,33.381,57.977,0.704,0.101,58268,0.30015,38,22.03,4.372,30.01
15,1,4,0.353,0.0562,206.34,60.508,40.667,72.904,0.672,0.101,73272,0.37743,38,22.03,4.399,30.056
15,1,5,0.628,0.1,144.06,76.601,48.217,90.513,0.629,0.101,90968,0.46859,38,22.03,4.415,30
15,1,6,1.12,0.178,99.188,95.873,55.594,110.83,0.58,0.101,111380,0.57375,38,22.03,4.425,29.964
15,1,7,1.99,0.316,67.191,118.12,62.205,133.5,0.527,0.101,134180,0.69115,38,22.03,4.431,30
15,1,8,3.53,0.562,44.739,142.94,67.5,158.08,0.472,0.101,158870,0.81838,38,22.03,4.435,30
15,1,9,6.28,1,29.255,169.5,71.1,183.81,0.419,0.101,184740,0.95161,38,22.03,4.438,30
15,1,10,11.2,1.78,18.802,197.07,72.79,210.08,0.369,0.101,211140,1.0876,38,22.03,4.441,30
15,1,11,19.9,3.16,11.886,224.72,72.626,236.16,0.323,0.101,237350,1.2226,38,22.031,4.443,30
15,1,12,35.3,5.62,7.4098,252.04,70.861,261.81,0.281,0.101,263130,1.3554,38,22.034,4.444,30
15,1,13,62.8,10,4.5632,278.81,66.839,286.71,0.24,0.101,288150,1.4843,38,22.033,4.446,30
,,,,,,,,,,,,,,,,
16,1,1,0.0628,0.01,340.97,18.121,11.429,21.424,0.631,0.1,21517,0.11084,40.02,22.043,4.587,30.066
16,1,2,0.112,0.0178,238.52,22.103,14.889,26.65,0.674,0.1,26782,0.13796,40.01,22.043,4.637,30.039
16,1,3,0.199,0.0316,169.3,27.542,19.311,33.638,0.701,0.101,33807,0.17414,40,22.044,4.673,30.032
16,1,4,0.353,0.0562,120.55,34.748,24.634,42.594,0.709,0.101,42808,0.22051,40,22.045,4.7,30.028
16,1,5,0.628,0.1,85.771,44.142,30.916,53.892,0.7,0.101,54163,0.279,40,22.045,4.716,29.949
16,1,6,1.12,0.178,60.645,56.151,37.928,67.76,0.675,0.101,68102,0.3508,40,22.045,4.726,29.996
16,1,7,1.99,0.316,42.481,71.158,45.396,84.405,0.638,0.101,84831,0.43697,40,22.045,4.733,29.949
16,1,8,3.53,0.562,29.356,89.273,52.809,103.72,0.592,0.101,104240,0.53698,40,22.045,4.736,30
16,1,9,6.28,1,19.972,110.44,59.596,125.49,0.54,0.101,126120,0.64967,40,22.045,4.739,30
16,1,10,11.2,1.78,13.363,134.3,65.246,149.31,0.486,0.101,150060,0.77299,40,22.045,4.742,30
16,1,11,19.9,3.16,8.7855,160.23,69.256,174.56,0.432,0.101,175440,0.90372,40,22.045,4.744,30
16,1,12,35.3,5.62,5.6789,187.52,71.396,200.65,0.381,0.101,201660,1.0388,40,22.045,4.746,30
16,1,13,62.8,10,3.6154,215.91,70.616,227.16,0.327,0.101,228310,1.176,40,22.045,4.747,30.082
,,,,,,,,,,,,,,,,
17,1,1,0.0628,0.01,227.24,12.79,6.3475,14.278,0.496,0.201,28677,0.14772,42.02,22.049,4.889,30.045
17,1,2,0.112,0.0178,152.68,14.907,8.2947,17.059,0.556,0.201,34286,0.17661,42.01,22.049,4.939,30.011
17,1,3,0.199,0.0316,104.9,17.762,10.905,20.842,0.614,0.201,41894,0.2158,42,22.049,4.975,30
17,1,4,0.353,0.0562,73.451,21.675,14.273,25.952,0.659,0.201,52166,0.26872,42,22.053,5.002,29.998
17,1,5,0.628,0.1,51.828,26.792,18.51,32.564,0.691,0.201,65457,0.33718,42,22.053,5.018,30
17,1,6,1.12,0.178,36.781,33.595,23.671,41.097,0.705,0.201,82608,0.42552,42,22.053,5.028,30
17,1,7,1.99,0.316,26.115,42.509,29.757,51.889,0.7,0.201,104300,0.53727,42.01,22.053,5.035,30
17,1,8,3.53,0.562,18.46,53.974,36.619,65.224,0.678,0.201,131110,0.67535,42.01,22.053,5.039,30
17,1,9,6.28,1,12.927,68.319,43.929,81.223,0.643,0.201,163260,0.841,42.01,22.053,5.042,30
17,1,10,11.2,1.78,8.9376,85.72,51.231,99.863,0.598,0.201,200730,1.034,42,22.053,5.044,30
17,1,11,19.9,3.16,6.0866,106.15,57.947,120.94,0.546,0.201,243090,1.2522,42,22.053,5.046,30
17,1,12,35.3,5.62,4.0814,129.48,63.487,144.21,0.49,0.201,289870,1.4932,42,22.053,5.048,30
17,1,13,62.8,10,2.6903,155.48,66.33,169.04,0.427,0.201,339780,1.7502,42,22.053,5.049,30
,,,,,,,,,,,,,,,,
18,1,1,0.0628,0.01,171.18,10.077,3.7588,10.756,0.373,0.201,21606,0.1113,44.02,22.061,5.19,30.049
18,1,2,0.112,0.0178,110.71,11.385,4.8374,12.37,0.425,0.201,24862,0.12807,44,22.065,5.239,30.018
18,1,3,0.199,0.0316,72.721,12.996,6.315,14.449,0.486,0.201,29043,0.14961,44,22.065,5.275,30.006
18,1,4,0.353,0.0562,48.869,15.138,8.3061,17.267,0.549,0.201,34708,0.17879,44,22.065,5.302,29.972
18,1,5,0.628,0.1,33.485,17.987,10.914,21.039,0.607,0.201,42291,0.21784,44,22.065,5.319,30.031
18,1,6,1.12,0.178,23.336,21.813,14.283,26.074,0.655,0.201,52410,0.26997,44,22.065,5.329,30
18,1,7,1.99,0.316,16.463,26.954,18.532,32.71,0.688,0.201,65750,0.33869,44,22.065,5.335,30
18,1,8,3.53,0.562,11.69,33.804,23.734,41.304,0.702,0.201,83024,0.42767,44.01,22.065,5.339,30
18,1,9,6.28,1,8.3023,42.785,29.842,52.165,0.697,0.201,104860,0.54012,44,22.065,5.342,30.061
18,1,10,11.2,1.78,5.869,54.338,36.71,65.576,0.676,0.201,131810,0.67897,44,22.065,5.344,30
18,1,11,19.9,3.16,4.1131,68.884,43.974,81.724,0.638,0.201,164270,0.84618,44,22.065,5.346,30
18,1,12,35.3,5.62,2.8492,86.694,51.172,100.67,0.59,0.201,202360,1.0424,44,22.065,5.348,30
18,1,13,62.8,10,1.9454,108.38,56.52,122.23,0.521,0.201,245690,1.2656,44,22.065,5.349,30
,,,,,,,,,,,,,,,,
19,1,1,0.0628,0.01,131.66,8.0165,2.0419,8.2725,0.255,0.201,16623,0.085629,47.03,22.079,5.496,30.073
19,1,2,0.112,0.0178,81.828,8.7922,2.508,9.1429,0.285,0.201,18377,0.094663,47,22.086,5.546,30.016
19,1,3,0.199,0.0316,50.933,9.6166,3.1518,10.12,0.328,0.201,20342,0.10478,47,22.086,5.582,29.976
19,1,4,0.353,0.0562,32.213,10.645,4.0298,11.382,0.379,0.201,22878,0.11785,47.02,22.086,5.609,30
19,1,5,0.628,0.1,20.819,11.991,5.2279,13.081,0.436,0.201,26294,0.13544,47,22.086,5.625,29.965
19,1,6,1.12,0.178,13.735,13.736,6.8436,15.347,0.498,0.201,30848,0.1589,47,22.086,5.635,30.034
19,1,7,1.99,0.316,9.2646,16.056,9.0029,18.408,0.561,0.201,37001,0.1906,47.01,22.086,5.642,30
19,1,8,3.53,0.562,6.3757,19.169,11.834,22.527,0.617,0.201,45281,0.23325,47,22.086,5.646,30.061
19,1,9,6.28,1,4.4608,23.373,15.469,28.028,0.662,0.201,56338,0.29021,47,22.086,5.649,30
19,1,10,11.2,1.78,3.1555,29.024,20.016,35.257,0.69,0.201,70869,0.36506,46.99,22.086,5.651,30
19,1,11,19.9,3.16,2.2443,36.604,25.468,44.593,0.696,0.201,89634,0.46172,47,22.086,5.653,30
19,1,12,35.3,5.62,1.6023,46.846,31.788,56.612,0.679,0.201,113790,0.58617,47,22.086,5.655,30
19,1,13,62.8,10,1.1371,60.818,37.494,71.446,0.617,0.201,143610,0.73976,47,22.086,5.656,30
,,,,,,,,,,,,,,,,
20,1,1,0.0628,0.01,112.05,6.9158,1.3177,7.0402,0.191,0.201,14146,0.072867,50.03,22.101,5.802,30.076
20,1,2,0.112,0.0178,67.113,7.3393,1.5381,7.4988,0.21,0.201,15072,0.077639,50.01,22.101,5.851,30.025
20,1,3,0.199,0.0316,40.625,7.8571,1.8498,8.0719,0.235,0.201,16225,0.083577,50,22.101,5.887,30.006
20,1,4,0.353,0.0562,24.844,8.4784,2.274,8.7781,0.268,0.201,17645,0.09089,50.01,22.101,5.914,30.022
20,1,5,0.628,0.1,15.574,9.3614,2.8484,9.7852,0.304,0.201,19669,0.10132,50,22.111,5.931,29.99
20,1,6,1.12,0.178,9.7678,10.296,3.6208,10.914,0.352,0.201,21938,0.113,50,22.111,5.941,30
20,1,7,1.99,0.316,6.2425,11.487,4.6801,12.403,0.407,0.201,24932,0.12843,50,22.111,5.947,30
20,1,8,3.53,0.562,4.0802,13.056,6.114,14.416,0.468,0.201,28978,0.14927,50,22.111,5.951,30
20,1,9,6.28,1,2.7262,15.127,8.0371,17.13,0.531,0.201,34432,0.17736,50.01,22.111,5.954,29.9
20,1,10,11.2,1.78,1.8643,17.939,10.587,20.83,0.59,0.201,41870,0.21568,50.01,22.111,5.957,30
20,1,11,19.9,3.16,1.3009,21.807,13.878,25.849,0.636,0.201,51957,0.26764,50.01,22.111,5.958,30.1
20,1,12,35.3,5.62,0.92311,27.331,17.8,32.616,0.651,0.201,65561,0.33771,50,22.111,5.96,30.017
20,1,13,62.8,10,0.66721,35.85,21.731,41.922,0.606,0.201,84265,0.43406,50,22.111,5.961,30
,,,,,,,,,,,,,,,,
21,1,1,0.0628,0.01,100.06,6.214,0.9539,6.2868,0.154,0.201,12634,0.065078,53.03,22.13,6.109,30.073
21,1,2,0.112,0.0178,59.041,6.5087,1.0747,6.5969,0.165,0.201,13260,0.068302,53.01,22.13,6.158,30.011
21,1,3,0.199,0.0316,35.119,6.866,1.2446,6.9779,0.181,0.201,14026,0.07225,53,22.13,6.194,30.006
21,1,4,0.353,0.0562,21.041,7.287,1.473,7.4344,0.202,0.201,14944,0.076977,53,22.13,6.221,30.001
21,1,5,0.628,0.1,12.708,7.7846,1.7749,7.9844,0.228,0.201,16049,0.082672,53,22.13,6.238,29.989
21,1,6,1.12,0.178,7.7538,8.3854,2.1778,8.6635,0.26,0.201,17414,0.089704,53,22.13,6.248,29.941
21,1,7,1.99,0.316,4.7872,9.114,2.7223,9.5118,0.299,0.201,19120,0.098487,53,22.13,6.254,30
21,1,8,3.53,0.562,3.0035,10.031,3.4659,10.612,0.346,0.201,21332,0.10988,52.99,22.13,6.258,30.291
21,1,9,6.28,1,1.9199,11.198,4.4843,12.063,0.4,0.201,24247,0.1249,53,22.13,6.261,30
21,1,10,11.2,1.78,1.2547,12.732,5.8661,14.019,0.461,0.201,28179,0.14515,53,22.13,6.263,29.9
21,1,11,19.9,3.16,0.84506,14.916,7.7101,16.791,0.517,0.201,33751,0.17385,52.99,22.13,6.265,30.1
21,1,12,35.3,5.62,0.58393,18.089,9.9226,20.632,0.549,0.201,41472,0.21363,53,22.13,6.267,29.9
21,1,13,62.8,10,0.42268,23.687,12.01,26.558,0.507,0.201,53382,0.27498,53,22.13,6.268,30
,,,,,,,,,,,,,,,,
22,1,1,0.0628,0.01,90.888,5.6617,0.74617,5.7107,0.132,0.201,11468,0.059073,56.03,22.156,6.415,30.053
22,1,2,0.112,0.0178,53.046,5.8706,0.81515,5.9269,0.139,0.201,11912,0.061359,56.01,22.156,6.464,30.021
22,1,3,0.199,0.0316,31.205,6.1317,0.91863,6.2001,0.15,0.201,12463,0.064196,56,22.157,6.5,30
22,1,4,0.353,0.0562,18.473,6.441,1.0566,6.5271,0.164,0.201,13120,0.067582,55.99,22.157,6.527,30.011
22,1,5,0.628,0.1,11.004,6.8031,1.2327,6.9138,0.181,0.201,13897,0.071587,55.99,22.157,6.544,29.98
22,1,6,1.12,0.178,6.5949,7.2223,1.461,7.3686,0.202,0.201,14811,0.076296,56.01,22.157,6.554,30.028
22,1,7,1.99,0.316,3.9883,7.725,1.7664,7.9244,0.229,0.201,15929,0.082051,56.02,22.157,6.56,29.958
22,1,8,3.53,0.562,2.4359,8.3274,2.1758,8.6069,0.261,0.201,17300,0.089117,56,22.157,6.564,29.9
22,1,9,6.28,1,1.5088,9.0784,2.7309,9.4803,0.301,0.201,19056,0.09816,56,22.157,6.567,29.9
22,1,10,11.2,1.78,0.95168,10.044,3.4905,10.633,0.348,0.201,21374,0.1101,56,22.157,6.569,30
22,1,11,19.9,3.16,0.61727,11.403,4.5163,12.265,0.396,0.201,24653,0.12699,56,22.157,6.571,29.9
22,1,12,35.3,5.62,0.41453,13.489,5.7077,14.647,0.423,0.201,29440,0.15165,56,22.157,6.573,30
22,1,13,62.8,10,0.29895,17.62,6.5097,18.784,0.369,0.201,37756,0.19449,56,22.157,6.574,29.9
,,,,,,,,,,,,,,,,
23,1,1,0.0628,0.01,82.737,5.1618,0.61705,5.1985,0.12,0.201,10441,0.053782,59.02,22.184,6.72,30.069
23,1,2,0.112,0.0178,47.956,5.3176,0.6589,5.3582,0.124,0.201,10769,0.055473,59.01,22.184,6.77,30.032
23,1,3,0.199,0.0316,28.028,5.5215,0.72486,5.5688,0.131,0.201,11194,0.05766,59.02,22.184,6.806,30.013
23,1,4,0.353,0.0562,16.461,5.7586,0.81496,5.816,0.142,0.201,11691,0.06022,59,22.184,6.833,29.915
23,1,5,0.628,0.1,9.7148,6.0333,0.92647,6.104,0.154,0.201,12270,0.063202,59,22.184,6.849,29.98
23,1,6,1.12,0.178,5.7682,6.356,1.0671,6.445,0.168,0.201,12955,0.066733,59.02,22.184,6.859,30
23,1,7,1.99,0.316,3.4445,6.7284,1.2526,6.844,0.186,0.201,13757,0.070864,59.02,22.184,6.866,30
23,1,8,3.53,0.562,2.0718,7.1668,1.4909,7.3202,0.208,0.201,14714,0.075794,59.01,22.184,6.869,30
23,1,9,6.28,1,1.2572,7.6895,1.8087,7.8994,0.235,0.201,15878,0.081792,59.01,22.184,6.873,30
23,1,10,11.2,1.78,0.77453,8.359,2.2403,8.654,0.268,0.201,17395,0.089604,59.01,22.184,6.875,30.1
23,1,11,19.9,3.16,0.48995,9.3127,2.8358,9.7349,0.305,0.201,19568,0.1008,59.02,22.184,6.877,30
23,1,12,35.3,5.62,0.32206,10.846,3.4419,11.379,0.317,0.201,22873,0.11782,59.02,22.184,6.879,30.1
23,1,13,62.8,10,0.23357,14.248,3.5161,14.676,0.247,0.201,29499,0.15195,59.02,22.184,6.88,30
,,,,,,,,,,,,,,,,
24,1,1,0.0628,0.01,75.712,4.7279,0.52622,4.7571,0.111,0.201,9554.7,0.049218,62.02,22.215,7.025,30.054
24,1,2,0.112,0.0178,43.632,4.8438,0.55183,4.8751,0.114,0.201,9798.2,0.050472,62,22.215,7.074,30.022
24,1,3,0.199,0.0316,25.374,5.0058,0.6002,5.0417,0.12,0.201,10134,0.052202,62.01,22.215,7.11,30.061
24,1,4,0.353,0.0562,14.849,5.2048,0.66086,5.2466,0.127,0.201,10546,0.054324,61.97,22.216,7.137,29.976
24,1,5,0.628,0.1,8.7197,5.4289,0.73703,5.4787,0.136,0.201,11013,0.056728,62.01,22.215,7.154,30.02
24,1,6,1.12,0.178,5.1472,5.6902,0.83479,5.7511,0.147,0.201,11560,0.059548,62.01,22.215,7.164,30.1
24,1,7,1.99,0.316,3.0494,5.9835,0.95336,6.059,0.159,0.201,12179,0.062736,62,22.215,7.17,30
24,1,8,3.53,0.562,1.8162,6.3209,1.1075,6.4172,0.175,0.201,12899,0.066444,62.01,22.215,7.174,29.916
24,1,9,6.28,1,1.0908,6.7282,1.3053,6.8536,0.194,0.201,13776,0.070964,62.01,22.215,7.177,30
24,1,10,11.2,1.78,0.66327,7.2426,1.5704,7.4109,0.217,0.201,14897,0.076734,62.01,22.215,7.18,30
24,1,11,19.9,3.16,0.41223,7.9622,1.9208,8.1907,0.241,0.201,16464,0.084807,62.01,22.215,7.182,30
24,1,12,35.3,5.62,0.26818,9.218,2.1949,9.4757,0.238,0.201,19047,0.098111,62.01,22.215,7.183,30
24,1,13,62.8,10,0.19685,12.232,1.8345,12.369,0.15,0.201,24862,0.12806,62.01,22.215,7.185,30
,,,,,,,,,,,,,,,,
25,1,1,0.0628,0.01,69.213,4.324,0.46336,4.3488,0.107,0.201,8733.2,0.044986,65.03,22.246,7.33,30.071
25,1,2,0.112,0.0178,39.879,4.4299,0.4791,4.4557,0.108,0.201,8955.1,0.046129,65.01,22.246,7.379,29.989
25,1,3,0.199,0.0316,23.176,4.5763,0.51248,4.6049,0.112,0.201,9256.1,0.047679,65,22.246,7.415,29.989
25,1,4,0.353,0.0562,13.515,4.7424,0.55794,4.7751,0.118,0.201,9598.3,0.049442,65,22.246,7.442,29.955
25,1,5,0.628,0.1,7.9185,4.9375,0.61284,4.9754,0.124,0.201,10001,0.051516,64.99,22.246,7.459,30
25,1,6,1.12,0.178,4.6538,5.1549,0.68189,5.1998,0.132,0.201,10452,0.05384,64.99,22.246,7.469,30.064
25,1,7,1.99,0.316,2.7445,5.3992,0.76528,5.4532,0.142,0.201,10961,0.056463,65,22.246,7.475,30
25,1,8,3.53,0.562,1.626,5.6786,0.87107,5.745,0.153,0.201,11548,0.059484,65.01,22.246,7.479,30.1
25,1,9,6.28,1,0.96898,6.0044,1.007,6.0883,0.168,0.201,12238,0.063039,65.01,22.246,7.482,30.026
25,1,10,11.2,1.78,0.58413,6.4203,1.1733,6.5266,0.183,0.201,13119,0.067578,65,22.246,7.485,29.9
25,1,11,19.9,3.16,0.36053,7.0256,1.3989,7.1635,0.199,0.201,14399,0.074172,65,22.246,7.487,30
25,1,12,35.3,5.62,0.23371,8.1212,1.4946,8.2576,0.184,0.201,16598,0.085499,65,22.246,7.488,30
25,1,13,62.8,10,0.17382,10.882,0.92917,10.921,0.085,0.201,21952,0.11308,64.99,22.246,7.49,30
,,,,,,,,,,,,,,,,
26,1,1,0.0628,0.01,64.264,4.0163,0.4161,4.0378,0.104,0.201,8111.3,0.041782,68.02,22.279,7.635,30.212
26,1,2,0.112,0.0178,37.096,4.1234,0.42095,4.1448,0.102,0.201,8330.6,0.042912,68,22.279,7.684,29.993
26,1,3,0.199,0.0316,21.546,4.2576,0.4478,4.2811,0.105,0.201,8605.2,0.044326,68,22.279,7.72,30.032
26,1,4,0.353,0.0562,12.551,4.4078,0.48744,4.4346,0.111,0.201,8913.9,0.045917,68,22.279,7.747,30.002
26,1,5,0.628,0.1,7.3396,4.5814,0.52679,4.6116,0.115,0.201,9269.6,0.047749,68,22.279,7.764,30.051
26,1,6,1.12,0.178,4.3062,4.7757,0.58456,4.8114,0.122,0.201,9671.2,0.049818,68,22.279,7.774,30.075
26,1,7,1.99,0.316,2.5286,4.9826,0.64407,5.0241,0.129,0.201,10099,0.05202,67.99,22.279,7.78,30.1
26,1,8,3.53,0.562,1.4927,5.2243,0.72219,5.274,0.138,0.201,10601,0.054608,67.99,22.279,7.784,30
26,1,9,6.28,1,0.88534,5.5039,0.80698,5.5628,0.147,0.201,11182,0.057598,67.99,22.279,7.787,30
26,1,10,11.2,1.78,0.53125,5.8633,0.9244,5.9357,0.158,0.201,11931,0.06146,67.98,22.279,7.79,30
26,1,11,19.9,3.16,0.32574,6.3822,1.0754,6.4722,0.168,0.201,13010,0.067015,67.99,22.279,7.792,29.9
26,1,12,35.3,5.62,0.21068,7.3659,1.0757,7.4441,0.146,0.201,14963,0.077076,67.99,22.279,7.793,30.1
26,1,13,62.8,10,0.15886,9.9758,0.32959,9.9813,0.033,0.201,20063,0.10335,67.99,22.279,7.795,29.9
,,,,,,,,,,,,,,,,
27,1,1,0.0628,0.01,60.265,3.7671,0.38361,3.7866,0.102,0.201,7610.5,0.039203,71.02,22.307,7.941,30.297
27,1,2,0.112,0.0178,34.859,3.8756,0.38724,3.8949,0.1,0.201,7829,0.040328,71,22.307,7.99,30.007
27,1,3,0.199,0.0316,20.266,4.0063,0.40457,4.0267,0.101,0.201,8093.9,0.041693,71,22.307,8.026,29.895
27,1,4,0.353,0.0562,11.803,4.1477,0.43273,4.1702,0.104,0.201,8382.4,0.043179,70.99,22.307,8.053,30.115
27,1,5,0.628,0.1,6.8841,4.2998,0.46964,4.3254,0.109,0.201,8694.3,0.044786,71.02,22.307,8.07,30.07
27,1,6,1.12,0.178,4.0292,4.4731,0.50924,4.502,0.114,0.201,9049.3,0.046614,71,22.307,8.08,30.142
27,1,7,1.99,0.316,2.3634,4.6623,0.56139,4.696,0.12,0.201,9439.2,0.048623,70.98,22.307,8.086,29.909
27,1,8,3.53,0.562,1.3897,4.8716,0.61511,4.9103,0.126,0.201,9870,0.050842,71,22.307,8.09,29.9
27,1,9,6.28,1,0.82103,5.112,0.69255,5.1587,0.135,0.201,10369,0.053414,71,22.307,8.093,29.8
27,1,10,11.2,1.78,0.49099,5.4306,0.77766,5.486,0.143,0.201,11027,0.056803,71.01,22.307,8.096,29.8
27,1,11,19.9,3.16,0.30054,5.907,0.87484,5.9715,0.148,0.201,12003,0.06183,71.01,22.307,8.098,30.1
27,1,12,35.3,5.62,0.19431,6.8164,0.82165,6.8657,0.121,0.201,13801,0.071089,71,22.307,8.099,30
27,1,13,62.8,10,0.14848,9.3292,0.011857,9.3292,0.001,0.201,18752,0.096595,71,22.307,8.101,29.9
,,,,,,,,,,,,,,,,
28,1,1,0.0628,0.01,54.738,3.4226,0.33878,3.4393,0.099,0.201,6910.6,0.035597,74.03,22.316,8.247,30.114
28,1,2,0.112,0.0178,33.586,3.736,0.35359,3.7527,0.095,0.201,7542.8,0.038854,74.01,22.34,8.297,30.163
28,1,3,0.199,0.0316,19.477,3.8525,0.36787,3.87,0.095,0.201,7779,0.040071,74.02,22.34,8.333,30.053
28,1,4,0.353,0.0562,11.329,3.9836,0.39289,4.0029,0.099,0.201,8046.2,0.041447,74,22.34,8.36,29.956
28,1,5,0.628,0.1,6.5965,4.1234,0.41951,4.1447,0.102,0.201,8331.1,0.042915,74.01,22.34,8.376,30.143
28,1,6,1.12,0.178,3.8511,4.2791,0.45222,4.3029,0.106,0.201,8649.2,0.044553,73.99,22.34,8.386,30.164
28,1,7,1.99,0.316,2.2535,4.4499,0.49669,4.4775,0.112,0.201,9000.2,0.046361,73.98,22.34,8.393,30.09
28,1,8,3.53,0.562,1.3211,4.636,0.54332,4.6677,0.117,0.201,9382.4,0.04833,73.99,22.34,8.396,30
28,1,9,6.28,1,0.77813,4.8523,0.59907,4.8891,0.123,0.201,9827.5,0.050623,74,22.34,8.4,30.1
28,1,10,11.2,1.78,0.46373,5.1375,0.67277,5.1814,0.131,0.201,10415,0.053648,74,22.34,8.402,30.1
28,1,11,19.9,3.16,0.28344,5.5814,0.75092,5.6317,0.135,0.201,11320,0.058312,73.99,22.34,8.404,30.1
28,1,12,35.3,5.62,0.18278,6.4278,0.6258,6.4582,0.097,0.201,12981,0.066868,73.99,22.34,8.406,30.2
28,1,13,62.8,10,0.14112,8.8633,0.25391,8.8669,0.029,0.201,17823,0.091807,73.98,22.34,8.407,30.1
,,,,,,,,,,,,,,,,
29,1,1,0.0628,0.01,52.761,3.2984,0.33188,3.3151,0.101,0.201,6664,0.034327,77.03,22.34,8.554,29.939
29,1,2,0.112,0.0178,30.629,3.4065,0.32811,3.4223,0.096,0.201,6879.2,0.035436,77,22.34,8.603,29.815
29,1,3,0.199,0.0316,17.832,3.5269,0.33718,3.543,0.096,0.201,7121.7,0.036685,77,22.34,8.639,30.096
29,1,4,0.353,0.0562,10.375,3.6485,0.35715,3.666,0.098,0.201,7368.8,0.037958,77,22.34,8.666,29.934
29,1,5,0.628,0.1,6.0457,3.7793,0.38226,3.7986,0.101,0.201,7635.5,0.039331,77,22.34,8.683,29.928
29,1,6,1.12,0.178,3.529,3.9214,0.41225,3.9431,0.105,0.201,7925.8,0.040827,76.99,22.34,8.693,30.109
29,1,7,1.99,0.316,2.0626,4.0737,0.44839,4.0983,0.11,0.201,8237.8,0.042434,77,22.34,8.699,30.144
29,1,8,3.53,0.562,1.2099,4.2472,0.48689,4.275,0.115,0.201,8593.2,0.044264,76.99,22.34,8.703,30.247
29,1,9,6.28,1,0.71262,4.4456,0.53395,4.4776,0.12,0.201,9000.2,0.046361,77,22.34,8.706,30.1
29,1,10,11.2,1.78,0.42455,4.7069,0.58899,4.7436,0.125,0.201,9535,0.049116,77,22.34,8.708,29.7
29,1,11,19.9,3.16,0.25953,5.1138,0.66406,5.1567,0.13,0.201,10365,0.053394,77,22.34,8.71,29.9
29,1,12,35.3,5.62,0.16888,5.9442,0.52137,5.967,0.088,0.201,11994,0.061784,77,22.34,8.712,29.8
29,1,13,62.8,10,0.13252,8.3179,0.38014,8.3266,0.046,0.201,16737,0.086212,76.99,22.34,8.713,30.221
,,,,,,,,,,,,,,,,
30,1,1,0.0628,0.01,53.032,3.3172,0.3152,3.3321,0.095,0.201,6691.5,0.034469,80.02,22.389,8.861,29.979
30,1,2,0.112,0.0178,30.627,3.4082,0.30744,3.4221,0.09,0.201,6877.6,0.035427,80,22.389,8.91,30.08
30,1,3,0.199,0.0316,17.758,3.5141,0.31732,3.5284,0.09,0.201,7092.2,0.036533,79.99,22.389,8.946,29.876
30,1,4,0.353,0.0562,10.306,3.626,0.33318,3.6413,0.092,0.201,7319.2,0.037702,80,22.389,8.973,29.947
30,1,5,0.628,0.1,5.9902,3.7472,0.3522,3.7637,0.094,0.201,7565.4,0.03897,80,22.389,8.989,30.096
30,1,6,1.12,0.178,3.484,3.8744,0.37777,3.8928,0.098,0.201,7824.8,0.040306,80.02,22.389,9,29.987
30,1,7,1.99,0.316,2.0328,4.018,0.41064,4.0389,0.102,0.201,8118.6,0.04182,80.02,22.389,9.006,30.035
30,1,8,3.53,0.562,1.1881,4.1737,0.44915,4.1977,0.108,0.201,8437.8,0.043464,80,22.389,9.01,30.045
30,1,9,6.28,1,0.69665,4.3505,0.48278,4.3772,0.111,0.201,8798.5,0.045322,80,22.389,9.013,29.9
30,1,10,11.2,1.78,0.41444,4.6,0.53179,4.6307,0.116,0.201,9308,0.047947,79.99,22.389,9.015,30.1
30,1,11,19.9,3.16,0.25269,4.9866,0.58384,5.0207,0.117,0.201,10092,0.051985,79.99,22.389,9.017,30.1
30,1,12,35.3,5.62,0.1636,5.7638,0.43837,5.7804,0.076,0.201,11619,0.059851,79.99,22.389,9.019,30.1
30,1,13,62.8,10,0.1288,8.077,0.50446,8.0927,0.062,0.201,16267,0.083791,79.98,22.389,9.02,29.9
,,,,,,,,,,,,,,,,
31,1,1,0.0628,0.01,47.786,2.9876,0.29862,3.0025,0.1,0.201,6034.3,0.031084,83.03,22.387,9.165,29.956
31,1,2,0.112,0.0178,27.779,3.09,0.29252,3.1038,0.095,0.201,6238.8,0.032137,83.01,22.387,9.215,30.077
31,1,3,0.199,0.0316,16.167,3.1985,0.29582,3.2122,0.092,0.201,6456.7,0.03326,83.01,22.387,9.251,30.037
31,1,4,0.353,0.0562,9.4069,3.3091,0.31156,3.3237,0.094,0.201,6680.9,0.034414,83.02,22.387,9.278,29.901
31,1,5,0.628,0.1,5.4773,3.4257,0.32925,3.4415,0.096,0.201,6917.6,0.035633,82.98,22.387,9.294,29.98
31,1,6,1.12,0.178,3.1952,3.5527,0.35207,3.5701,0.099,0.201,7176.1,0.036965,82.98,22.387,9.305,29.87
31,1,7,1.99,0.316,1.8623,3.6806,0.38028,3.7002,0.103,0.201,7437.6,0.038312,83.01,22.387,9.311,30.1
31,1,8,3.53,0.562,1.0873,3.8204,0.40524,3.8418,0.106,0.201,7722.3,0.039779,83.01,22.387,9.315,30.1
31,1,9,6.28,1,0.63861,3.9879,0.44356,4.0125,0.111,0.201,8065.5,0.041546,83,22.387,9.318,30
31,1,10,11.2,1.78,0.37996,4.2185,0.47714,4.2454,0.113,0.201,8533.5,0.043957,83.01,22.387,9.32,30.2
31,1,11,19.9,3.16,0.23208,4.5804,0.53153,4.6112,0.116,0.201,9268.8,0.047745,83.01,22.387,9.322,30.1
31,1,12,35.3,5.62,0.15153,5.342,0.36026,5.3542,0.067,0.201,10762,0.055438,83.01,22.387,9.324,30.1
31,1,13,62.8,10,0.12096,7.5778,0.58193,7.6001,0.077,0.201,15277,0.078692,83,22.387,9.325,30.1
,,,,,,,,,,,,,,,,
32,1,1,0.0628,0.01,47.699,2.9832,0.28709,2.997,0.096,0.201,6021.1,0.031016,86.02,22.43,9.472,29.843
32,1,2,0.112,0.0178,27.529,3.0632,0.27975,3.0759,0.091,0.201,6182.3,0.031846,86.01,22.43,9.521,30.158
32,1,3,0.199,0.0316,15.968,3.1599,0.28527,3.1728,0.09,0.201,6377.4,0.032851,86.02,22.43,9.557,29.97
32,1,4,0.353,0.0562,9.273,3.2631,0.29533,3.2764,0.091,0.201,6585.9,0.033925,86,22.43,9.584,30.021
32,1,5,0.628,0.1,5.3876,3.371,0.30875,3.3851,0.092,0.201,6804.3,0.03505,86,22.43,9.601,29.98
32,1,6,1.12,0.178,3.1373,3.49,0.32874,3.5054,0.094,0.201,7046.2,0.036296,86.01,22.43,9.611,29.936
32,1,7,1.99,0.316,1.8263,3.6116,0.35196,3.6287,0.097,0.201,7293.9,0.037572,85.99,22.43,9.617,30.1
32,1,8,3.53,0.562,1.0655,3.7455,0.38046,3.7648,0.102,0.201,7567.4,0.038981,86.01,22.43,9.621,30.1
32,1,9,6.28,1,0.62445,3.9019,0.4113,3.9235,0.105,0.201,7886.6,0.040625,86.01,22.43,9.624,30.2
32,1,10,11.2,1.78,0.37116,4.122,0.45535,4.1471,0.11,0.201,8336,0.04294,86.02,22.43,9.627,30
32,1,11,19.9,3.16,0.22607,4.4658,0.48303,4.4919,0.108,0.201,9029,0.04651,86.01,22.43,9.629,30
32,1,12,35.3,5.62,0.14712,5.189,0.30965,5.1982,0.06,0.201,10449,0.053823,86,22.43,9.63,30
32,1,13,62.8,10,0.11795,7.3804,0.67447,7.4111,0.091,0.201,14897,0.076734,86,22.43,9.632,30
,,,,,,,,,,,,,,,,
33,1,1,0.0628,0.01,43.539,2.7217,0.2758,2.7357,0.101,0.201,5497.1,0.028316,89.01,22.43,9.779,29.496
33,1,2,0.112,0.0178,25.382,2.8237,0.26391,2.836,0.093,0.201,5700.3,0.029363,88.76,22.431,9.829,30.132
33,1,3,0.199,0.0316,14.767,2.9215,0.27053,2.934,0.093,0.201,5897.5,0.030379,89.13,22.43,9.865,29.649
33,1,4,0.353,0.0562,8.5718,3.0157,0.27978,3.0287,0.093,0.201,6087.8,0.031359,89.06,22.43,9.892,29.747
33,1,5,0.628,0.1,4.9873,3.1201,0.29006,3.1336,0.093,0.201,6298.8,0.032446,89.02,22.43,9.908,29.92
33,1,6,1.12,0.178,2.9035,3.2293,0.31019,3.2442,0.096,0.201,6521,0.033591,89,22.43,9.918,30.076
33,1,7,1.99,0.316,1.6917,3.3449,0.33037,3.3612,0.099,0.201,6756.3,0.034802,89.02,22.43,9.925,30.2
33,1,8,3.53,0.562,0.98611,3.4658,0.35725,3.4842,0.103,0.201,7003.5,0.036076,89.01,22.43,9.929,30.2
33,1,9,6.28,1,0.57838,3.6137,0.38468,3.6341,0.106,0.201,7304.8,0.037628,89.02,22.43,9.932,30.137
33,1,10,11.2,1.78,0.34399,3.8204,0.42009,3.8435,0.11,0.201,7725.6,0.039796,89.01,22.43,9.934,30.2
33,1,11,19.9,3.16,0.20994,4.1454,0.46443,4.1713,0.112,0.201,8384.6,0.04319,89.01,22.43,9.936,30.296
33,1,12,35.3,5.62,0.13792,4.8649,0.28441,4.8732,0.058,0.201,9795.5,0.050458,89,22.43,9.938,29.9
33,1,13,62.8,10,0.11142,6.9667,0.68952,7.0007,0.099,0.201,14072,0.072485,89.01,22.43,9.939,30.1
